1000 38.8921010100000 -77.0449380300000
1001 38.8859676000000 -77.0319572800000
1002 38.9002600000000 -77.0321000000000
1003 38.8993926700000 -77.0319520200000
1004 38.9748636800000 -77.0363636700000
1005 38.8953966400000 -77.0394635000000
1006 38.8988134800000 -77.0394603500000
1007 38.9002020200000 -77.0434624900000
1008 38.9013181100000 -77.0466525800000
1009 38.9002015400000 -77.0379551300000
1010 38.9002020100000 -77.0351290300000
1011 38.8987818000000 -77.0336417900000
1012 38.9013382300000 -77.0319628600000
1013 38.9013257800000 -77.0296231300000
1014 38.9013370200000 -77.0416982600000
1015 38.9013400500000 -77.0394473400000
1016 38.9013442400000 -77.0365455200000
1017 38.8999792500000 -77.0303409400000
1018 38.9025224000000 -77.0296261300000
1019 38.9025179600000 -77.0345782700000
1020 38.8964025200000 -77.0336492300000
1021 38.9183134500000 -77.0590841300000
163 41.8397000000000 -88.0887000000000
167 42.0552000000000 -87.7259000000000
168 41.8119000000000 -87.6873000000000
169 41.8119000000000 -87.6873000000000
170 41.8119000000000 -87.6873000000000
171 41.8119000000000 -87.6873000000000
174 39.6385000000000 -87.7404000000000
192 41.5789000000000 -85.5400000000000
194 40.8191000000000 -84.9378000000000
196 41.0939000000000 -85.1841000000000
198 40.4257000000000 -86.2697000000000
199 39.1527000000000 -84.8910000000000
200 38.9448000000000 -86.0107000000000
202 38.0599000000000 -87.6379000000000
203 40.7265000000000 -86.9894000000000
204 41.7029000000000 -86.2392000000000
205 37.8216000000000 -94.7147000000000
206 37.1546000000000 -94.8338000000000
207 37.4480000000000 -94.8192000000000
208 38.0619000000000 -96.1447000000000
209 39.7811000000000 -97.0542000000000
210 37.2178000000000 -95.2664000000000
211 37.8036000000000 -100.338600000000
212 37.0432000000000 -100.873800000000
213 37.8226000000000 -85.4669000000000
214 38.3340000000000 -83.9948000000000
215 37.8033000000000 -84.8607000000000
216 38.0608000000000 -84.4629000000000
217 38.2281000000000 -84.8697000000000
218 36.7470000000000 -84.1394000000000
219 39.0300000000000 -84.5590000000000
220 37.0174000000000 -86.4517000000000
222 29.8197000000000 -90.0782000000000
223 29.9159000000000 -89.9624000000000
230 30.4083000000000 -91.1439000000000
231 30.3553000000000 -91.0721000000000
232 32.5156000000000 -92.7359000000000
234 31.1649000000000 -92.3674000000000
235 38.5139000000000 -77.0103000000000
237 38.9826000000000 -76.7437000000000
242 38.8682000000000 -76.8155000000000
246 39.1424000000000 -77.0446000000000
247 39.2078000000000 -77.2598000000000
248 39.1355000000000 -77.2822000000000
249 39.1355000000000 -77.2822000000000
250 39.1355000000000 -77.2822000000000
251 39.2102000000000 -77.2397000000000
252 39.0400000000000 -77.0444000000000
254 39.4129000000000 -76.7303000000000
255 39.5642000000000 -76.9807000000000
256 39.2296000000000 -76.4455000000000
257 38.9673000000000 -76.6101000000000
258 39.0481000000000 -76.4520000000000
260 39.6421000000000 -78.9125000000000
261 38.8007000000000 -76.0514000000000
262 39.0121000000000 -76.1156000000000
263 39.3647000000000 -77.4635000000000
264 39.3647000000000 -77.4635000000000
265 39.3647000000000 -77.4635000000000
266 39.5520000000000 -77.6957000000000
267 39.2597000000000 -77.0126000000000
268 39.6430000000000 -77.6527000000000
269 39.3395000000000 -77.3106000000000
270 39.5350000000000 -77.4850000000000
271 39.4072000000000 -77.2140000000000
273 39.5351000000000 -75.8940000000000
276 42.2458000000000 -83.2490000000000
277 42.2399000000000 -83.1508000000000
278 42.9734000000000 -85.0905000000000
279 43.3248000000000 -84.6030000000000
281 42.2616000000000 -85.5100000000000
282 42.9638000000000 -85.4822000000000
284 44.9886000000000 -85.6440000000000
285 45.5542000000000 -84.9258000000000
286 44.3629000000000 -93.2674000000000
287 44.6405000000000 -93.1419000000000
288 44.6612000000000 -93.0761000000000
289 45.0800000000000 -93.0223000000000
290 45.1550000000000 -93.8651000000000
291 44.9757000000000 -93.3369000000000
292 46.6716000000000 -93.4323000000000
295 44.0300000000000 -91.7008000000000
297 44.5217000000000 -95.2002000000000
298 45.5738000000000 -94.3550000000000
299 47.0671000000000 -94.4898000000000
300 38.3417000000000 -90.4102000000000
301 38.6459000000000 -90.3263000000000
302 38.6445000000000 -90.2083000000000
303 37.3414000000000 -89.6110000000000
305 36.8786000000000 -94.3453000000000
306 38.4940000000000 -92.1651000000000
307 34.9566000000000 -89.9962000000000
311 48.2746000000000 -114.365100000000
312 36.1551000000000 -80.4415000000000
313 36.0275000000000 -80.2072000000000
314 35.8545000000000 -80.1247000000000
315 36.0553000000000 -79.8316000000000
316 36.1037000000000 -79.8162000000000
319 35.8042000000000 -78.7071000000000
321 36.3769000000000 -77.7090000000000
322 35.7729000000000 -75.6348000000000
323 35.6928000000000 -75.7137000000000
324 35.2091000000000 -80.9217000000000
325 35.3041000000000 -80.7266000000000
327 36.1639000000000 -81.7145000000000
328 35.6319000000000 -81.1719000000000
329 35.6319000000000 -81.1719000000000
332 40.8355000000000 -96.6307000000000
333 42.2064000000000 -96.9790000000000
334 40.4168000000000 -101.370500000000
336 42.8473000000000 -71.7674000000000
337 43.2063000000000 -71.5364000000000
338 40.7445000000000 -74.1507000000000
339 40.9266000000000 -74.3030000000000
340 40.6270000000000 -74.2509000000000
341 40.7704000000000 -74.2367000000000
342 40.7589000000000 -74.0563000000000
343 40.6529000000000 -74.3467000000000
344 40.6509000000000 -74.2171000000000
345 41.0105000000000 -74.2083000000000
346 40.9482000000000 -74.2955000000000
347 41.0088000000000 -74.4026000000000
348 41.0443000000000 -74.0980000000000
349 40.9135000000000 -74.0016000000000
350 40.9732000000000 -74.0211000000000
351 40.9330000000000 -74.0176000000000
352 40.9929000000000 -73.9497000000000
353 40.2697000000000 -74.2655000000000
354 40.2852000000000 -74.1615000000000
355 40.2584000000000 -74.1967000000000
356 40.4381000000000 -74.1278000000000
357 40.2777000000000 -74.1947000000000
358 40.8800000000000 -74.7575000000000
359 40.7174000000000 -74.8139000000000
361 40.7396000000000 -74.4834000000000
362 39.7552000000000 -75.2015000000000
364 39.5860000000000 -75.3798000000000
366 39.3927000000000 -75.0256000000000
367 39.4655000000000 -74.9652000000000
368 40.4342000000000 -74.7085000000000
370 40.2794000000000 -74.6911000000000
371 39.9458000000000 -74.2978000000000
372 40.4722000000000 -74.4519000000000
373 40.6647000000000 -74.9705000000000
374 40.4592000000000 -74.3069000000000
375 40.5207000000000 -74.2791000000000
376 40.7653000000000 -74.9874000000000
378 40.4999000000000 -74.4280000000000
379 33.1575000000000 -105.774300000000
380 36.5548000000000 -105.257800000000
381 32.3173000000000 -106.770500000000
382 37.4725000000000 -115.143700000000
383 36.8199000000000 -116.609400000000
384 36.0206000000000 -114.829500000000
385 38.0172000000000 -114.431900000000
386 36.5390000000000 -116.549600000000
387 36.4374000000000 -114.728800000000
388 37.7597000000000 -114.972400000000
389 37.5838000000000 -116.598600000000
391 38.2626000000000 -116.624800000000
392 35.9878000000000 -115.116700000000
394 36.1691000000000 -115.208500000000
395 35.9892000000000 -115.405200000000
396 36.1837000000000 -115.125000000000
397 36.3108000000000 -115.367200000000
398 36.1680000000000 -115.369100000000
399 36.1680000000000 -115.369100000000
400 36.2462000000000 -115.222100000000
401 36.1378000000000 -115.326100000000
402 36.0104000000000 -115.207300000000
403 36.1480000000000 -115.040400000000
404 36.2765000000000 -115.288500000000
405 39.3141000000000 -114.840400000000
406 38.9559000000000 -114.243800000000
407 39.5478000000000 -115.993800000000
409 41.9708000000000 -117.673700000000
412 39.6955000000000 -119.811100000000
413 39.3603000000000 -119.805700000000
414 40.9056000000000 -115.534400000000
415 40.4138000000000 -116.581300000000
416 40.7766000000000 -73.9539000000000
417 40.8513000000000 -73.9347000000000
418 40.7102000000000 -74.0033000000000
419 40.5512000000000 -74.1488000000000
420 40.8418000000000 -73.8790000000000
421 40.8427000000000 -73.8547000000000
422 41.0151000000000 -73.8414000000000
423 41.4124000000000 -73.7520000000000
426 40.9552000000000 -73.7447000000000
427 41.0489000000000 -73.7830000000000
428 41.3005000000000 -74.1249000000000
431 40.7201000000000 -73.7067000000000
432 40.6338000000000 -73.9544000000000
433 40.6010000000000 -73.9399000000000
434 40.7145000000000 -73.7944000000000
435 40.7443000000000 -73.6084000000000
437 40.7450000000000 -73.5715000000000
438 40.6729000000000 -73.5365000000000
440 40.7809000000000 -73.2503000000000
441 40.7819000000000 -73.1961000000000
443 40.9223000000000 -72.6370000000000
444 40.9223000000000 -72.6370000000000
447 41.8948000000000 -73.9766000000000
448 42.5793000000000 -76.3927000000000
449 43.3244000000000 -76.3065000000000
450 43.4340000000000 -76.1209000000000
451 43.6216000000000 -76.1102000000000
452 43.0847000000000 -76.2405000000000
453 42.8983000000000 -75.5493000000000
454 43.8187000000000 -75.4803000000000
455 42.4979000000000 -76.0474000000000
456 43.1531000000000 -78.8856000000000
457 42.9496000000000 -78.8970000000000
458 42.9401000000000 -78.8352000000000
459 42.9000000000000 -78.8082000000000
461 43.1903000000000 -77.7200000000000
462 42.1721000000000 -79.6113000000000
463 42.1458000000000 -77.8119000000000
464 42.3481000000000 -77.4271000000000
465 42.3806000000000 -77.3544000000000
466 42.0618000000000 -76.8236000000000
467 40.6441000000000 -74.0042000000000
470 40.2660000000000 -82.8543000000000
471 39.8513000000000 -82.3852000000000
472 39.6982000000000 -82.6886000000000
473 39.6897000000000 -82.6092000000000
476 41.6929000000000 -83.7277000000000
477 41.6558000000000 -83.5368000000000
478 41.3807000000000 -82.4016000000000
480 41.1439000000000 -81.4735000000000
481 41.2057000000000 -81.3132000000000
484 41.1727000000000 -81.4727000000000
487 41.0251000000000 -80.6686000000000
488 41.0979000000000 -80.7598000000000
489 40.6799000000000 -81.3121000000000
490 39.6741000000000 -83.7667000000000
491 39.6840000000000 -84.1633000000000
492 39.0810000000000 -83.3124000000000
494 39.0437000000000 -83.1210000000000
495 36.4380000000000 -99.4429000000000
496 36.7595000000000 -95.9701000000000
497 36.0971000000000 -95.9198000000000
498 36.8424000000000 -94.8544000000000
499 35.4622000000000 -96.0122000000000
501 35.1535000000000 -94.6709000000000
502 46.0383000000000 -122.972700000000
503 45.1480000000000 -122.876200000000
504 44.6217000000000 -122.578500000000
505 43.5620000000000 -119.078600000000
506 45.7118000000000 -118.638000000000
509 40.4344000000000 -80.0248000000000
510 40.4344000000000 -80.0248000000000
511 40.0689000000000 -79.8731000000000
512 40.3650000000000 -79.5840000000000
513 40.2022000000000 -79.6099000000000
514 40.6921000000000 -79.3421000000000
515 40.9445000000000 -78.9798000000000
516 41.5047000000000 -78.6871000000000
517 40.5172000000000 -78.6148000000000
518 40.9645000000000 -80.3007000000000
519 41.2352000000000 -79.2818000000000
520 41.8623000000000 -78.6373000000000
521 40.4068000000000 -77.2925000000000
522 40.5714000000000 -77.3172000000000
524 40.4058000000000 -77.1340000000000
527 39.7936000000000 -77.5922000000000
529 40.9478000000000 -77.0110000000000
530 40.6622000000000 -75.3902000000000
531 40.5888000000000 -75.3137000000000
532 40.6070000000000 -75.4808000000000
533 40.9752000000000 -76.0845000000000
534 41.4876000000000 -75.5334000000000
535 41.5612000000000 -75.6187000000000
536 41.2711000000000 -75.9996000000000
537 41.3166000000000 -76.0210000000000
538 41.2313000000000 -75.8962000000000
541 40.1868000000000 -75.0070000000000
542 40.2085000000000 -75.0406000000000
543 39.9988000000000 -75.3079000000000
544 39.9556000000000 -75.3448000000000
545 39.8668000000000 -75.3985000000000
546 39.9376000000000 -75.3077000000000
547 40.1771000000000 -74.8291000000000
548 40.0723000000000 -75.2033000000000
549 40.0723000000000 -75.2033000000000
550 40.0401000000000 -75.4887000000000
551 40.0313000000000 -75.7226000000000
552 39.8497000000000 -75.9572000000000
553 40.3380000000000 -75.9780000000000
554 45.5075000000000 -73.5524000000000
555 41.5469000000000 -71.6502000000000
556 41.4436000000000 -71.5342000000000
557 41.7025000000000 -71.4790000000000
558 41.2845000000000 -71.7107000000000
559 41.8374000000000 -71.3947000000000
560 41.8374000000000 -71.3947000000000
564 32.5024000000000 -80.3075000000000
565 32.6630000000000 -79.9269000000000
567 33.3638000000000 -81.2975000000000
568 43.1722000000000 -101.734100000000
569 44.0044000000000 -103.240000000000
571 44.3648000000000 -103.735700000000
572 43.3142000000000 -103.528400000000
574 44.4671000000000 -103.772300000000
575 44.3692000000000 -103.361700000000
576 44.0138000000000 -102.238400000000
578 36.1504000000000 -86.7915000000000
579 35.1492000000000 -84.8740000000000
580 35.3865000000000 -85.3765000000000
581 35.0673000000000 -85.2500000000000
582 36.4794000000000 -82.2610000000000
583 35.8265000000000 -84.2836000000000
584 36.1733000000000 -82.9761000000000
585 35.0810000000000 -89.6990000000000
587 35.1549000000000 -90.0496000000000
588 35.0788000000000 -89.8419000000000
589 35.2089000000000 -89.7916000000000
590 33.0293000000000 -96.9014000000000
592 32.8570000000000 -96.6907000000000
593 33.2542000000000 -96.7852000000000
594 32.4844000000000 -96.7954000000000
597 32.7673000000000 -96.7776000000000
600 32.6927000000000 -96.6230000000000
602 32.7673000000000 -96.7776000000000
604 33.4113000000000 -94.1773000000000
606 31.9669000000000 -94.6873000000000
607 32.5383000000000 -94.8622000000000
608 32.2869000000000 -95.1511000000000
609 32.1881000000000 -95.8823000000000
610 31.7820000000000 -95.1640000000000
611 32.8214000000000 -97.1081000000000
612 32.7714000000000 -97.2914000000000
613 33.6547000000000 -97.1582000000000
616 29.8340000000000 -95.4342000000000
618 29.6986000000000 -95.2071000000000
619 29.8340000000000 -95.4342000000000
620 29.8340000000000 -95.4342000000000
623 29.2779000000000 -94.9562000000000
625 30.0841000000000 -94.1264000000000
627 28.7774000000000 -97.0266000000000
628 28.9003000000000 -97.0014000000000
629 28.5561000000000 -96.6003000000000
63 33.2765000000000 -112.187200000000
630 28.9750000000000 -98.4955000000000
631 29.4312000000000 -98.4277000000000
632 29.2693000000000 -98.3346000000000
633 29.4069000000000 -98.7226000000000
634 29.4375000000000 -98.4615000000000
635 27.6795000000000 -97.4502000000000
636 26.1867000000000 -98.1277000000000
637 30.2683000000000 -97.7413000000000
638 30.3786000000000 -97.6764000000000
639 31.5104000000000 -106.145300000000
64 33.2765000000000 -112.187200000000
640 31.8798000000000 -106.544200000000
641 31.8722000000000 -106.502800000000
642 31.8094000000000 -106.464200000000
643 31.8498000000000 -106.304400000000
644 40.9691000000000 -111.907300000000
646 40.7119000000000 -111.448900000000
648 40.7029000000000 -111.548100000000
65 32.9045000000000 -111.247900000000
650 40.6225000000000 -111.777700000000
652 39.2471000000000 -112.526500000000
653 37.2724000000000 -112.716900000000
654 37.1862000000000 -113.013900000000
655 37.6261000000000 -112.083600000000
657 38.8195000000000 -77.4557000000000
658 38.7343000000000 -77.5473000000000
659 38.9615000000000 -77.3418000000000
660 38.8994000000000 -77.1895000000000
661 38.8928000000000 -77.3299000000000
662 38.8028000000000 -77.2115000000000
663 38.8974000000000 -77.2537000000000
664 38.8603000000000 -77.1008000000000
665 38.7223000000000 -77.1719000000000
666 38.7794000000000 -77.1194000000000
667 38.8000000000000 -77.1501000000000
669 38.6460000000000 -78.4812000000000
670 37.3428000000000 -77.9840000000000
671 37.5182000000000 -78.2142000000000
673 37.4949000000000 -77.6630000000000
674 37.6153000000000 -77.5766000000000
675 37.9229000000000 -75.5385000000000
676 37.7964000000000 -75.6502000000000
678 36.8889000000000 -76.1467000000000
679 36.8370000000000 -76.1466000000000
680 36.9080000000000 -76.2164000000000
681 37.0103000000000 -77.7360000000000
682 37.2702000000000 -79.9415000000000
683 37.2539000000000 -79.9745000000000
684 37.2979000000000 -79.9877000000000
685 36.6813000000000 -79.8662000000000
686 37.0579000000000 -80.4363000000000
687 36.9951000000000 -79.8524000000000
688 36.6138000000000 -82.1762000000000
690 36.9085000000000 -82.0536000000000
691 36.9368000000000 -82.3642000000000
692 37.0028000000000 -82.5706000000000
693 37.4052000000000 -79.1252000000000
694 37.3360000000000 -79.5225000000000
695 36.6035000000000 -79.3762000000000
696 47.6059000000000 -122.111100000000
697 47.6733000000000 -122.187000000000
699 47.4323000000000 -121.803400000000
700 48.4992000000000 -122.607100000000
701 48.2395000000000 -121.589200000000
702 48.3199000000000 -122.629400000000
703 47.5789000000000 -122.798600000000
704 47.6980000000000 -122.625500000000
705 47.2058000000000 -122.321100000000
706 47.1043000000000 -123.055200000000
707 47.0027000000000 -123.671300000000
708 46.3422000000000 -123.802600000000
709 47.6329000000000 -120.348100000000
710 43.0627000000000 -88.1059000000000
711 43.2355000000000 -88.1247000000000
713 43.6208000000000 -87.8106000000000
715 43.7754000000000 -87.8608000000000
716 43.3274000000000 -88.2608000000000
717 43.2471000000000 -87.9809000000000
718 42.6184000000000 -87.9480000000000
720 42.7394000000000 -88.0830000000000
721 42.7843000000000 -88.5925000000000
723 43.0432000000000 -87.8947000000000
724 42.6130000000000 -89.6569000000000
725 43.1234000000000 -90.4884000000000
726 43.0372000000000 -89.3970000000000
730 44.4944000000000 -87.9760000000000
732 44.6402000000000 -91.8318000000000
733 45.4216000000000 -92.3787000000000
734 39.3141000000000 -78.6594000000000
735 44.3773000000000 -105.550200000000
736 44.1226000000000 -106.561100000000
76 33.0542000000000 -117.250200000000
763 41.4149898200000 2.12207794000000
78 33.0169000000000 -116.846000000000
790 52.7495937200000 -155.566406250000
797 -77.6682576800000 166.651611320000
798 89 2
80 33.0996000000000 -117.215100000000
800 38.7400000000000 -112.100000000000
801 34.1100000000000 -117.670000000000
802 34.1100000000000 -117.670000000000
803 27.5994765500000 -99.5344269200000
806 47.9300000000000 -97.1700000000000
807 47.9300000000000 -97.1700000000000
808 46.1600000000000 -123.880000000000
809 46.1600000000000 -123.880000000000
810 46.1600000000000 -123.880000000000
812 -33.9200000000000 150.970000000000
814 -38.0300000000000 -57.5300000000000
816 39.6500000000000 141.970000000000
817 42.7945000000000 141.670000000000
818 34.5960000000000 135.600000000000
819 17.9000000000000 -62.8500000000000
82 33.7027000000000 -116.303700000000
820 53.7700000000000 20.4000000000000
821 45.7500000000000 14.1900000000000
822 59.6500000000000 17.8500000000000
823 59.6500000000000 17.8500000000000
824 59.6500000000000 17.8500000000000
825 47.6242000000000 17.7950000000000
83 33.7567000000000 -115.723000000000
832 48.6500000000000 -123.440000000000
833 37.4200000000000 -122.210000000000
838 -31.9381000000000 115.755400000000
839 43.2280000000000 -86.3390000000000
84 36.2358000000000 -117.144500000000
840 43.2280000000000 -86.3390000000000
841 43.2280000000000 -86.3390000000000
842 43.2280000000000 -86.3390000000000
843 69.2780000000000 16.0500000000000
844 69.2780000000000 16.0500000000000
845 69.2780000000000 16.0500000000000
846 51.4340000000000 7.15700000000000
847 45.0600000000000 83.4240000000000
848 46.7720160000000 -100.759318000000
850 37.3300000000000 -121.880000000000
851 39.7950000000000 -121.611000000000
852 -36.8640000000000 174.739000000000
854 -41.1000000000000 174.870000000000
855 37.0600000000000 -105.920000000000
856 41.9100000000000 -71.1500000000000
857 -26.1200000000000 152.730000000000
858 64.8560000000000 -147.849000000000
859 32.5791935200000 -117.136080260000
864 40.6500000000000 7.91000000000000
87 34.3013000000000 -118.901100000000
870 38.6479095600000 -90.3081321700000
871 38.6483222400000 -90.3060668700000
872 38.6484961100000 -90.3071424300000
873 40.3661331300000 -80.6193494700000
878 49.2992702200000 -123.129787440000
879 43.6240000000000 -70.2080000000000
881 35.2510000000000 -75.5290000000000
885 48.9211390000000 -125.541167000000
887 48.9211390000000 -125.541167000000
888 48.9211390000000 -125.541167000000
889 46.7190000000000 -87.4070000000000
89 37.1894000000000 -121.705300000000
890 46.7190000000000 -87.4070000000000
891 46.7190000000000 -87.4070000000000
892 46.7190000000000 -87.4070000000000
893 46.7190000000000 -87.4070000000000
894 46.7190000000000 -87.4070000000000
895 29.8823720000000 -98.2123690000000
896 -38.2920000000000 144.612000000000
897 -38.2920000000000 144.612000000000
898 -38.2920000000000 144.612000000000
899 -38.2920000000000 144.612000000000
90 37.7690000000000 -122.393700000000
900 44.2080000000000 -81.6400000000000
901 44.2080000000000 -81.6400000000000
902 46.7778900000000 -92.0923000000000
903 45.7258956800000 -121.561703680000
904 40.6434200000000 -73.7897420000000
905 43.0865045500000 -79.0806198100000
907 36.4000000000000 25.4000000000000
909 41.6861800000000 -70.6177400000000
911 38.9027060000000 -77.0385570000000
912 38.9026500000000 -77.0394400000000
913 38.9049500000000 -77.0687400000000
914 38.8764900000000 -77.0091600000000
915 38.9088400000000 -77.0045400000000
916 38.9122000000000 -76.9341100000000
917 38.9109900000000 -76.9982800000000
918 38.8835500000000 -77.0321100000000
919 38.9783700000000 -77.0186000000000
920 38.9290200000000 -77.0231200000000
921 38.9169900000000 -77.0364400000000
922 38.9271000000000 -77.0366100000000
923 38.9847000000000 -77.0264600000000
924 38.9286700000000 -77.0364300000000
925 38.9423600000000 -77.0255200000000
926 38.8641600000000 -77.0017300000000
927 38.8776600000000 -76.9797100000000
928 38.9173900000000 -76.9724100000000
929 38.8876000000000 -77.0218300000000
93 38.0339000000000 -122.585500000000
930 38.9235100000000 -77.0514200000000
931 38.9001300000000 -76.9834300000000
932 38.9312300000000 -76.9714800000000
933 38.8897200000000 -76.9375100000000
934 38.8951900000000 -76.9491400000000
935 38.8932600000000 -77.0218300000000
936 38.8897900000000 -76.9134000000000
937 38.9095800000000 -77.0438500000000
938 38.9024700000000 -77.0560900000000
939 38.9285900000000 -77.0730700000000
940 38.9059400000000 -77.0794700000000
941 38.9334700000000 -77.0572900000000
942 38.9143800000000 -77.0461000000000
943 38.9356200000000 -77.1116600000000
944 38.9524200000000 -77.0364100000000
945 38.8877500000000 -77.0035700000000
946 38.8735000000000 -76.9707200000000
947 38.9026400000000 -77.0433900000000
948 38.9025500000000 -77.0513800000000
949 38.9001800000000 -77.0020200000000
95 37.0249000000000 -121.879400000000
950 38.8997200000000 -77.0219100000000
951 38.8960500000000 -76.9549200000000
952 38.8899600000000 -76.9177800000000
953 38.9131300000000 -76.9922900000000
954 38.9073300000000 -77.0090000000000
955 38.9029100000000 -77.0219100000000
956 38.9122700000000 -77.0219100000000
957 38.9168600000000 -77.0089900000000
958 38.9276300000000 -76.9790800000000
959 38.8920700000000 -77.0151900000000
960 38.8960200000000 -77.0319700000000
961 38.8959300000000 -77.0481200000000
962 38.9070100000000 -77.0366800000000
963 38.9610137700000 -77.0280307400000
964 38.9418739500000 -77.0364413200000
965 38.9625839400000 -77.0363878500000
966 38.8920853900000 -77.0281374100000
967 38.8920794400000 -77.0239620300000
968 38.8875621100000 -77.0138067100000
969 38.9051766300000 -77.0628114700000
970 38.8212838700000 -77.0013144900000
971 38.8692912600000 -76.9603825500000
972 38.9607822100000 -77.0857326600000
973 38.9667158600000 -77.0766272900000
974 38.9560332800000 -77.0704109500000
975 38.9465040100000 -77.0788878700000
976 38.9225435000000 -77.0729072800000
977 38.9431541800000 -77.0629209000000
978 38.9273586600000 -77.1040348000000
979 38.9922719800000 -77.0363160700000
980 38.9025252000000 -77.0365420500000
981 38.8920932100000 -77.0319638400000
982 38.8841838600000 -76.9949660700000
983 38.8655943800000 -76.9513235500000
984 38.8938765700000 -77.0239751400000
985 38.9049413000000 -77.0570470600000
986 38.8619228900000 -76.9589995000000
987 38.8549091500000 -76.9581104300000
988 38.9025259400000 -77.0466486800000
989 38.8997830000000 -77.0152060000000
990 38.9002036800000 -77.0136783500000
991 38.9053614800000 -77.0147758400000
992 38.8920997400000 -77.0394809600000
993 38.8920952000000 -77.0501594100000
994 38.9515377800000 -77.0273834700000
995 38.9108059000000 -77.0651388600000
996 38.9280883100000 -77.0541636000000
997 38.8313978700000 -77.0076774800000
998 38.8828133800000 -77.0219050900000
999 38.9001200000000 -77.0091200000000
